First10_vs_11to20_identical_rows=True,True,True,True,True,True,True,True,True,True
AllDuplicated=True
UniqueConfigsFirst20=
GWOBestEval=44
TPEBestEval=35
GWOSearchSec=1069.5944657000364
TPESearchSec=2572.02197500004
GWODivByTPE=0.415857
InitStd=0
RepeatStd=0
Iter2Std=0
Iter3Std=0
Iter4Std=0
TPETestAccuracy=0.9995
GWOTestAccuracy=0.999
TPETestAUC=0.9999972637885812
GWOTestAUC=0.999996121194802
TPELogLoss=0.0021553562700576
GWOLogLoss=0.002736092554752878
